0 0.20432692307692307 0.5360576923076923 0.0625 0.1346153846153846
0 0.1658653846153846 0.7548076923076923 0.07271634615384616 0.07632211538461539
0 0.2668269230769231 0.6634615384615384 0.10997596153846154 0.057692307692307696
0 0.2956730769230769 0.7283653846153846 0.10096153846153846 0.07692307692307693
0 0.37740384615384615 0.7163461538461539 0.04807692307692308 0.10096153846153846
0 0.38221153846153844 0.6033653846153846 0.11057692307692307 0.1388221153846154
0 0.31490384615384615 0.5600961538461539 0.09134615384615384 0.09615384615384616
0 0.25240384615384615 0.4807692307692308 0.0907451923076923 0.11598557692307693
0 0.6177884615384616 0.59375 0.08173076923076923 0.10997596153846154
0 0.6105769230769231 0.6899038461538461 0.125 0.0907451923076923
0 0.5432692307692307 0.7548076923076923 0.11057692307692307 0.057692307692307696
0 0.4807692307692308 0.5841346153846154 0.11057692307692307 0.1015625
0 0.43509615384615385 0.47836538461538464 0.08233173076923077 0.09134615384615384
0 0.5408653846153846 0.4879807692307692 0.08173076923076923 0.0673076923076923
0 0.5216346153846154 0.4423076923076923 0.09615384615384616 0.07632211538461539
0 0.36538461538461536 0.40865384615384615 0.05709134615384615 0.1063701923076923
0 0.40625 0.3317307692307692 0.04807692307692308 0.0859375
0 0.7115384615384616 0.7620192307692307 0.11598557692307693 0.07271634615384616
0 0.47115384615384615 0.30528846153846156 0.0625 0.09134615384615384
0 0.2980769230769231 0.3581730769230769 0.08713942307692307 0.057692307692307696