0 0.24759615384615385 0.31490384615384615 0.16346153846153846 0.13040865384615385
0 0.1658653846153846 0.5120192307692307 0.13040865384615385 0.08233173076923077
0 0.5288461538461539 0.32211538461538464 0.0859375 0.11478365384615384
0 0.3004807692307692 0.46634615384615385 0.1388221153846154 0.12439903846153846
0 0.4807692307692308 0.40384615384615385 0.13401442307692307 0.10576923076923077
0 0.8629807692307693 0.4326923076923077 0.20673076923076922 0.08173076923076923
0 0.9326923076923077 0.31490384615384615 0.13401442307692307 0.07271634615384616
0 0.7235576923076923 0.30528846153846156 0.0907451923076923 0.12079326923076923
0 0.5985576923076923 0.5769230769230769 0.1580528846153846 0.08173076923076923
0 0.46634615384615385 0.6995192307692307 0.1063701923076923 0.052884615384615384
0 0.33413461538461536 0.5817307692307693 0.07211538461538461 0.1201923076923077
0 0.6490384615384616 0.4879807692307692 0.1201923076923077 0.09134615384615384