0 0.7716346153846154 0.49278846153846156 0.1484375 0.2932692307692308
0 0.90625 0.3485576923076923 0.16826923076923078 0.22536057692307693
0 0.5600961538461539 0.53125 0.2542067307692308 0.17307692307692307
0 0.5673076923076923 0.37259615384615385 0.12980769230769232 0.19230769230769232
0 0.31971153846153844 0.5336538461538461 0.26382211538461536 0.1640625
0 0.3076923076923077 0.6850961538461539 0.1736778846153846 0.18810096153846154
0 0.17548076923076922 0.6947115384615384 0.25540865384615385 0.16766826923076922
0 0.46153846153846156 0.33413461538461536 0.11538461538461539 0.1971153846153846
0 0.625 0.6995192307692307 0.1736778846153846 0.15865384615384615
0 0.16346153846153846 0.39903846153846156 0.23076923076923078 0.125
0 0.2403846153846154 0.41346153846153844 0.11478365384615384 0.10576923076923077
0 0.0985576923076923 0.5240384615384616 0.16346153846153846 0.14903846153846154