0 0.16346153846153846 0.5961538461538461 0.08713942307692307 0.12980769230769232
0 0.5865384615384616 0.7331730769230769 0.23016826923076922 0.15865384615384615
0 0.44471153846153844 0.5625 0.11057692307692307 0.19230769230769232
0 0.3076923076923077 0.6730769230769231 0.08713942307692307 0.13401442307692307
0 0.23798076923076922 0.6370192307692307 0.1015625 0.12980769230769232
0 0.18028846153846154 0.7259615384615384 0.11117788461538461 0.0967548076923077
0 0.38221153846153844 0.7379807692307693 0.19230769230769232 0.1388221153846154
0 0.6418269230769231 0.6394230769230769 0.13040865384615385 0.16346153846153846
0 0.7283653846153846 0.5697115384615384 0.17307692307692307 0.11959134615384616
0 0.2548076923076923 0.5216346153846154 0.09134615384615384 0.08233173076923077
0 0.3389423076923077 0.5240384615384616 0.10576923076923077 0.06670673076923077
0 0.04567307692307692 0.6682692307692307 0.09134615384615384 0.10516826923076923