0 0.36538461538461536 0.2091346153846154 0.22115384615384615 0.12079326923076923
0 0.23557692307692307 0.3894230769230769 0.12439903846153846 0.22175480769230768
0 0.33413461538461536 0.5600961538461539 0.16766826923076922 0.08653846153846154
0 0.31490384615384615 0.6394230769230769 0.16766826923076922 0.11598557692307693
0 0.5192307692307693 0.7620192307692307 0.13401442307692307 0.21634615384615385
0 0.3701923076923077 0.8100961538461539 0.16346153846153846 0.15384615384615385
0 0.29086538461538464 0.8317307692307693 0.12920673076923078 0.1971153846153846
0 0.46634615384615385 0.9278846153846154 0.11057692307692307 0.12439903846153846
0 0.4230769230769231 0.46153846153846156 0.11057692307692307 0.1640625
0 0.65625 0.44711538461538464 0.11117788461538461 0.1971153846153846
0 0.5408653846153846 0.42788461538461536 0.14423076923076922 0.23137019230769232
0 0.4735576923076923 0.25 0.16766826923076922 0.12439903846153846
0 0.3389423076923077 0.3485576923076923 0.11057692307692307 0.1388221153846154
0 0.6971153846153846 0.7740384615384616 0.23016826923076922 0.15384615384615385